39
1 29 5 24 0 9 25 19 17 31 4 26 21 27 28 33 35 22 3 23 8 13 38 12 11 6 32 14 18 16 2 7 37 30 10 36 20 34 15
20 31 5 33 32 37 8 34 21 30 4 3 38 9 36 27 26 15 35 1 23 19 2 28 29 7 25 18 13 0 11 17 22 10 12 14 16 6 24
0 3 38 1 5 9 22 27 34 18 15 26 2 35 21 32 29 10 13 17 7 12 11 14 37 30 8 6 19 28 31 20 4 23 16 25 36 33 24
21 3 38 9 24 13 12 4 18 20 33 37 11 15 0 14 36 35 31 34 22 30 28 19 29 27 1 10 32 16 2 8 23 17 25 7 5 6 26
35 13 4 2 22 17 27 24 36 33 14 25 31 23 21 5 34 38 6 11 26 18 3 16 1 37 12 0 10 32 7 8 9 29 20 28 30 19 15
14 8 15 20 26 37 16 17 36 0 3 38 11 10 12 7 25 23 19 35 24 31 9 30 33 22 28 2 27 32 1 5 29 6 4 18 21 13 34
16 32 13 33 27 7 14 2 38 23 31 3 11 30 35 21 37 0 9 20 34 10 18 29 24 26 15 17 1 4 19 25 12 36 5 8 22 28 6
17 8 6 23 9 28 18 31 34 37 13 14 2 22 16 25 36 0 1 30 12 7 15 11 33 4 29 35 10 32 3 21 20 19 27 5 26 38 24
32 9 3 29 0 25 16 24 35 8 13 12 23 26 38 36 19 11 14 6 7 21 18 30 4 27 20 17 37 5 10 33 34 28 31 1 15 22 2
9 5 31 7 27 15 11 1 25 38 16 29 34 30 6 12 35 19 10 32 3 20 18 23 26 17 37 8 4 0 22 21 24 33 28 14 36 13 2
18 6 21 23 17 32 35 26 27 11 33 14 13 12 22 9 2 31 4 1 3 29 30 34 7 5 10 0 36 28 25 19 16 20 8 24 37 38 15
38 36 2 33 24 6 3 32 8 9 17 7 10 25 11 4 16 34 26 30 28 5 0 23 29 35 1 18 27 20 12 13 22 15 21 14 19 31 37
11 15 35 2 26 7 24 34 1 25 4 33 38 29 18 32 37 31 5 13 27 20 0 10 8 17 22 16 14 3 12 21 36 30 9 28 6 23 19
36 15 23 10 21 28 14 11 13 27 0 1 25 20 8 32 5 31 37 12 4 7 9 38 29 3 35 19 17 26 33 22 18 30 6 16 24 34 2
23 7 9 37 10 34 31 32 19 0 6 36 12 30 13 21 25 29 35 1 24 16 18 3 27 33 38 17 11 5 8 28 26 4 14 22 2 20 15
34 0 21 11 16 3 15 13 25 32 4 2 37 14 24 20 9 7 18 17 36 1 23 33 6 27 5 10 26 19 35 28 8 31 22 38 12 30 29
5 35 32 23 13 6 22 2 19 34 17 11 20 28 0 31 21 37 12 10 36 8 1 38 14 18 25 4 3 16 26 24 33 30 27 9 29 15 7
33 7 23 25 1 31 29 34 15 11 21 26 4 37 27 36 35 0 19 9 2 17 6 28 22 12 8 38 18 24 13 20 3 10 14 5 16 30 32
27 10 23 37 13 0 1 4 7 14 30 5 25 9 16 12 11 31 18 28 32 35 22 24 8 26 21 2 15 20 38 36 33 6 29 34 3 19 17
37 33 25 16 3 7 26 13 9 28 18 12 23 17 24 21 32 30 2 36 29 10 20 4 14 11 1 35 19 6 15 27 38 5 0 8 34 22 31
37 21 29 31 33 23 28 18 19 1 17 13 30 12 35 34 14 4 36 5 8 27 3 25 26 16 0 2 11 7 22 15 32 24 38 6 10 20 9
28 19 11 4 36 13 8 5 15 17 33 37 16 21 24 25 20 38 32 30 18 27 1 3 14 23 12 34 35 26 6 22 7 10 0 31 29 2 9
6 20 2 10 19 28 4 1 13 25 23 26 30 24 16 29 0 9 5 36 21 38 11 35 33 7 37 8 34 31 15 27 32 12 18 3 14 17 22
13 36 24 17 38 6 18 37 23 32 2 11 4 21 10 29 33 26 12 27 8 25 3 0 15 16 28 34 1 22 14 31 9 7 35 20 5 30 19
34 28 21 29 14 2 37 3 16 27 17 13 19 1 15 33 35 24 20 6 30 23 5 18 11 4 25 31 10 7 12 9 22 26 8 38 36 0 32
21 6 36 29 33 34 19 3 2 38 18 15 30 1 10 14 20 5 7 31 28 16 25 12 27 9 13 4 0 17 26 11 22 24 32 35 8 23 37
12 26 4 19 6 20 9 1 5 14 11 17 32 34 15 33 31 7 30 3 38 35 0 2 13 10 27 37 18 23 16 28 25 29 21 24 22 8 36
37 2 15 12 20 33 3 13 5 28 6 32 14 18 31 35 23 30 36 1 22 7 29 34 27 19 4 38 17 9 24 0 21 11 16 26 25 10 8
30 3 17 7 29 25 15 8 11 31 26 18 22 4 14 10 21 23 37 2 28 1 32 12 24 20 34 0 9 16 38 19 13 5 36 33 27 35 6
12 5 19 36 30 13 25 15 4 37 2 1 10 31 38 35 0 16 34 21 28 6 22 3 8 29 24 20 7 26 11 32 14 23 18 33 27 17 9
27 9 33 8 22 26 28 34 16 37 11 32 10 35 5 1 15 19 4 36 21 13 30 7 31 0 12 20 29 6 3 18 24 38 25 23 17 2 14
30 36 16 18 19 27 7 1 26 5 38 0 34 9 28 23 17 11 6 25 4 35 14 33 22 12 13 3 15 29 31 24 20 8 37 21 2 32 10
34 6 12 20 21 32 23 36 5 22 35 33 27 16 10 25 14 28 9 19 13 2 30 3 29 38 26 31 1 17 18 15 8 37 11 24 4 0 7
24 1 17 16 36 10 32 25 28 34 23 29 5 3 19 9 6 8 22 26 33 13 27 12 37 14 31 35 15 30 7 18 38 20 0 4 11 2 21
14 0 26 16 27 8 23 12 35 4 13 17 15 22 10 2 30 25 28 31 29 32 20 6 36 33 21 3 37 11 7 1 9 5 38 24 34 19 18
31 38 14 8 25 35 32 26 20 19 24 12 28 2 3 15 16 17 29 10 22 36 37 27 34 4 33 0 6 7 30 13 11 21 1 23 18 9 5
21 16 4 28 12 18 38 37 17 30 7 11 15 26 31 13 33 8 0 32 34 5 22 1 35 24 10 2 20 25 9 36 14 23 3 19 27 29 6
22 7 24 17 5 29 20 28 27 2 16 4 30 38 37 32 13 12 14 6 15 11 26 10 21 3 35 25 1 34 36 9 31 18 8 0 23 33 19
35 8 20 7 3 14 6 4 0 22 31 36 25 38 34 12 15 16 23 13 29 19 28 30 17 21 10 24 1 27 9 26 37 32 18 5 11 2 33
36 5 3 20 32 14 6 35 13 12 34 10 18 25 22 8 19 9 0 1 4 11 27 17 21 24 37 23 7 15 30 29 26 28 33 2 31 38 16
24 25 7 17 2 4 11 18 26 20 1 28 19 32 16 12 31 30 29 8 37 33 34 23 6 15 22 5 38 0 14 10 13 36 27 9 21 35 3
15 31 25 10 14 5 3 29 30 24 9 11 33 26 37 35 12 4 20 6 19 22 17 1 27 13 32 28 38 21 0 8 34 36 23 16 18 2 7
11 1 36 19 12 29 4 35 26 25 17 8 21 38 32 13 22 10 5 24 0 9 16 30 20 37 33 2 23 14 6 28 31 18 3 7 34 27 15
33 10 32 19 24 14 0 38 4 12 8 5 25 9 23 2 20 13 18 11 1 34 7 3 30 21 31 35 26 28 36 29 16 6 17 37 22 27 15
19 22 17 27 9 4 8 33 20 26 2 11 34 25 3 36 16 14 10 6 32 15 12 29 13 5 37 18 38 30 21 24 31 7 35 23 0 28 1
13 26 12 38 35 19 1 4 29 9 8 6 24 36 23 14 5 17 34 21 28 32 27 7 37 10 31 20 25 22 3 2 15 16 30 33 11 18 0
22 17 14 0 3 25 24 31 29 20 30 28 33 9 16 35 26 5 2 12 10 11 23 37 4 36 6 19 18 34 8 1 38 13 32 21 7 27 15
34 23 6 14 35 9 26 19 36 7 11 1 25 37 27 38 4 16 12 17 5 24 20 18 30 2 31 15 10 22 8 13 3 33 21 0 29 32 28
12 23 3 30 38 25 28 14 16 6 13 27 4 18 0 22 35 37 33 20 19 11 21 34 5 10 7 15 8 17 9 36 2 26 1 24 31 29 32
27 7 36 0 14 18 11 13 2 29 16 30 34 33 31 38 21 15 28 26 22 3 1 35 4 19 24 6 17 8 32 23 20 9 25 10 37 12 5
37 18 3 25 33 2 35 24 34 1 20 8 4 5 11 7 36 30 6 27 28 17 9 15 31 0 10 19 21 16 32 22 14 23 26 13 12 29 38
0 19 12 27 28 38 11 34 7 36 25 32 2 4 31 21 29 18 6 15 16 8 17 22 23 14 37 5 20 3 9 13 10 1 35 26 24 30 33
36 20 18 6 38 4 37 29 13 24 1 9 28 12 26 27 30 14 22 19 21 2 5 33 15 3 34 16 17 7 23 25 11 10 32 31 35 0 8
16 11 28 29 5 8 34 23 31 22 18 2 9 30 20 3 10 26 13 21 36 17 19 33 0 14 6 15 12 32 4 24 35 27 7 38 37 25 1
20 18 23 24 36 35 1 14 31 16 37 13 5 8 28 6 3 32 4 21 27 26 34 12 38 9 17 29 0 2 22 10 11 7 15 30 33 25 19
36 15 18 9 38 29 19 6 31 4 21 34 10 23 0 27 1 17 32 3 7 8 20 2 35 12 22 24 26 13 14 5 30 11 25 33 16 37 28
14 21 28 1 33 19 30 5 8 12 38 34 32 18 10 16 23 29 24 3 35 0 15 17 9 7 22 25 20 36 6 13 31 2 26 4 11 27 37
25 12 18 17 35 13 22 3 30 10 33 19 20 24 38 31 34 2 0 16 6 1 4 28 8 26 9 14 5 23 7 21 36 15 11 32 37 27 29
9 6 7 31 3 37 34 33 23 0 8 1 13 16 20 28 27 32 17 15 24 22 29 38 25 14 2 26 12 36 30 35 5 10 11 18 19 21 4
31 27 4 33 5 14 29 12 3 30 9 1 34 0 11 24 38 28 19 36 23 2 26 25 7 6 16 21 32 13 8 20 35 17 10 22 15 18 37
13 24 3 23 1 25 32 15 35 29 19 0 30 5 26 36 22 28 20 8 38 17 16 2 10 14 37 12 7 21 34 4 11 33 31 18 9 6 27
3 35 23 19 22 25 14 13 10 12 8 2 32 17 37 27 1 26 28 36 18 33 7 20 31 29 11 6 24 9 21 30 4 0 15 16 5 38 34
2 18 25 10 13 24 36 5 28 0 35 37 30 11 6 17 38 16 26 1 12 29 7 32 14 21 31 3 34 27 22 23 20 4 15 19 8 9 33
22 38 30 31 29 36 16 28 14 11 17 3 33 9 34 4 23 19 24 20 0 21 2 13 6 32 25 12 37 18 27 15 26 8 35 10 5 7 1
31 25 28 33 2 35 23 29 17 22 19 24 8 38 20 4 5 0 27 12 11 30 26 21 13 1 18 9 34 14 10 36 3 37 16 32 6 7 15
33 16 13 18 20 25 21 26 37 9 19 4 24 1 11 17 38 31 10 34 6 36 8 30 7 27 23 15 29 3 35 5 28 12 2 14 32 22 0
7 18 0 30 4 23 24 5 16 12 29 13 33 8 28 34 1 3 11 9 2 35 22 31 26 17 38 32 10 14 19 25 20 37 6 27 36 15 21
16 19 12 7 3 33 8 27 1 36 30 37 20 23 17 28 4 38 25 22 13 15 32 24 21 5 29 2 9 35 26 31 14 6 18 34 11 0 10
3 12 0 10 1 25 37 11 38 9 14 7 22 19 6 17 27 34 2 8 20 30 13 26 18 16 33 35 5 28 4 15 36 21 23 31 24 29 32
36 18 10 38 5 15 14 33 35 26 3 9 11 1 24 21 2 37 7 29 32 0 4 31 34 13 20 19 12 16 30 6 25 22 23 17 28 8 27
2 23 38 18 28 21 33 11 34 9 7 17 29 26 20 35 5 19 10 24 32 3 0 12 8 30 36 14 4 15 1 37 6 16 25 13 22 27 31
30 22 6 11 28 3 19 13 35 21 18 7 33 24 9 37 36 16 32 5 25 27 12 1 2 4 34 17 31 14 26 0 10 20 8 29 15 38 23
8 10 15 32 27 26 30 28 6 37 38 21 0 25 23 13 33 18 22 9 36 2 3 4 19 29 31 12 1 24 7 20 35 17 5 16 34 11 14
15 13 5 10 27 7 11 9 20 34 30 24 23 18 33 28 25 31 32 36 14 12 38 4 19 16 3 29 35 2 0 26 8 37 1 22 17 21 6
20 11 17 29 0 37 33 5 27 32 7 24 22 6 14 18 21 28 10 2 35 3 19 38 16 31 23 36 4 9 30 8 13 12 15 26 25 1 34
5 35 18 29 2 33 32 24 37 36 25 0 4 14 9 3 27 23 16 13 31 28 6 20 22 19 11 7 12 8 17 34 15 26 1 21 38 10 30
13 25 0 34 28 37 5 1 6 18 15 31 21 32 9 16 12 24 17 36 8 22 35 10 27 14 38 19 3 29 26 20 11 4 7 33 2 30 23
1 33 37 0 18 32 26 28 34 38 25 20 10 4 14 3 6 19 15 17 35 29 9 23 24 31 5 22 11 36 30 2 8 21 13 12 16 27 7
