28
16 19 22 21 27 4 17 6 14 15 18 9 10 5 3 7 2 25 23 12 8 1 13 20 26 0 24 11
10 0 27 19 11 17 25 3 24 5 9 12 16 8 6 21 14 1 2 13 4 23 7 20 26 22 15 18
22 8 12 13 5 27 25 7 23 11 4 21 10 18 1 20 26 19 6 16 24 17 3 14 2 15 0 9
23 22 20 15 6 1 27 0 10 9 5 7 13 14 17 18 4 16 26 3 2 19 12 25 24 8 11 21
23 7 11 24 16 0 22 4 25 3 1 6 5 2 20 10 14 26 17 8 15 12 21 19 27 13 9 18
26 11 6 18 22 14 17 25 23 21 20 10 13 15 27 19 9 3 7 4 5 0 16 2 8 24 1 12
23 5 15 9 22 20 12 1 3 16 7 24 21 27 19 18 17 4 6 0 10 11 13 26 2 8 25 14
27 20 17 8 16 2 3 25 4 5 15 19 22 10 7 18 11 0 24 13 6 26 14 21 12 1 9 23
9 26 8 22 12 14 19 27 11 20 17 25 5 21 10 1 7 0 4 16 24 2 13 6 15 23 18 3
9 3 17 18 23 15 13 22 21 11 8 14 16 25 12 6 1 2 27 7 20 19 5 26 0 10 4 24
10 25 2 15 0 3 14 4 5 17 26 23 22 24 12 6 11 19 21 27 16 18 13 8 7 20 1 9
7 14 22 18 16 2 25 20 24 4 23 12 6 3 13 10 21 11 15 9 26 8 1 27 19 5 17 0
13 8 1 14 17 2 12 21 23 25 3 6 7 10 20 27 0 11 22 26 16 9 18 19 4 15 24 5
9 12 1 18 7 16 10 3 13 8 11 5 23 6 17 14 4 27 21 19 25 20 26 0 22 15 24 2
27 14 6 3 17 23 16 19 9 0 2 13 25 1 22 26 24 20 18 12 21 7 11 10 8 4 5 15
4 8 3 17 22 21 2 14 24 18 7 9 0 20 13 1 12 27 26 11 16 19 15 5 6 25 23 10
5 8 15 27 2 14 1 26 9 23 20 18 6 3 12 24 13 25 19 22 21 0 7 17 11 10 4 16
19 13 6 12 20 10 17 7 27 0 9 21 8 11 23 4 2 16 22 3 18 24 25 14 5 1 26 15
17 15 26 7 6 3 19 24 12 8 0 21 16 18 23 1 5 27 4 20 10 13 22 11 14 25 9 2
25 17 24 9 27 19 23 26 8 22 1 16 0 20 15 18 12 6 5 7 4 13 2 21 3 14 10 11
22 21 23 10 25 13 3 6 9 4 0 14 11 12 8 5 27 26 2 7 1 20 17 15 19 18 24 16
23 8 0 16 18 13 14 11 6 12 15 19 9 5 22 20 2 7 24 10 25 26 27 17 21 4 1 3
11 17 0 19 6 25 8 12 14 26 20 15 22 16 23 13 3 5 18 27 4 24 10 2 21 9 1 7
17 21 22 6 20 13 3 15 18 19 16 11 7 23 0 26 5 2 1 24 10 12 27 4 14 8 9 25
22 4 23 9 3 11 25 6 5 20 19 2 27 8 12 13 10 15 18 21 24 14 16 17 7 1 0 26
11 5 27 18 12 15 16 23 4 17 26 21 24 3 19 8 25 13 14 6 9 1 7 0 2 20 10 22
1 16 0 9 4 6 12 18 22 7 15 25 2 17 19 8 27 14 3 5 23 21 11 13 20 24 10 26
1 10 0 5 9 23 3 17 12 26 21 6 15 13 4 11 8 19 24 22 25 2 7 16 27 18 20 14
4 5 8 1 7 21 11 16 0 25 26 20 22 23 10 12 18 9 13 27 24 17 2 14 19 3 15 6
16 1 22 4 18 17 7 26 2 19 9 15 5 20 12 8 25 24 23 14 21 27 6 10 0 13 3 11
2 26 8 15 25 22 12 1 21 19 24 18 5 6 4 16 27 20 11 23 10 13 3 7 0 17 9 14
0 15 9 10 12 1 4 16 20 3 23 27 11 17 8 5 13 19 24 25 6 14 21 22 26 18 2 7
21 19 27 13 23 6 26 24 11 9 7 0 2 16 18 4 14 10 3 22 25 8 15 17 12 20 5 1
15 27 18 21 16 10 2 22 23 5 20 8 4 11 17 6 12 14 9 19 24 7 1 25 13 0 3 26
26 21 0 19 27 16 23 24 4 14 6 8 22 15 3 11 13 9 2 20 12 17 1 5 25 10 7 18
4 16 26 2 11 12 25 27 15 6 21 0 9 22 8 19 3 1 14 7 10 20 5 17 18 13 24 23
18 26 7 2 19 27 24 17 20 23 21 12 5 14 15 0 3 16 10 25 6 1 8 11 9 13 4 22
10 14 26 4 9 11 3 13 19 0 18 7 27 1 8 2 16 12 22 17 20 6 23 5 15 25 24 21
27 3 16 10 0 6 7 2 21 24 18 11 13 22 12 19 26 5 8 23 4 9 15 20 17 25 14 1
11 13 6 19 7 9 16 8 3 21 4 24 22 15 1 17 23 26 2 0 5 14 18 25 10 20 12 27
18 15 7 22 25 8 24 21 1 10 19 14 3 16 2 0 27 13 6 9 12 4 17 20 26 23 11 5
19 26 5 4 11 1 24 27 21 9 2 7 13 0 15 3 14 18 6 22 17 16 25 10 20 12 23 8
19 11 26 24 17 12 8 16 27 10 0 4 9 7 6 3 13 25 18 2 20 23 5 14 15 22 1 21
2 8 9 7 14 6 11 19 3 22 16 21 24 10 17 23 0 27 13 26 15 4 20 1 12 25 5 18
11 15 25 5 12 0 21 17 20 2 1 10 24 23 7 8 6 27 19 18 9 26 22 4 14 16 13 3
6 3 24 19 7 9 5 18 8 4 23 26 17 2 27 13 20 22 21 12 11 15 10 16 1 25 14 0
18 19 15 23 12 27 13 22 20 10 25 0 6 5 26 4 3 7 14 1 11 21 17 2 8 24 9 16
8 24 2 23 13 14 7 9 26 0 18 16 11 21 20 15 17 19 4 12 5 10 27 3 22 6 1 25
8 9 27 7 11 2 4 25 12 5 21 17 1 3 23 24 26 13 19 10 22 14 0 20 6 18 16 15
8 11 10 0 9 7 14 25 19 24 21 2 27 4 1 17 6 23 18 12 5 3 20 13 16 15 26 22
23 12 14 2 22 24 10 17 19 13 5 9 16 4 26 15 21 25 11 20 8 1 3 6 7 18 0 27
3 13 21 24 4 14 16 11 19 17 10 20 18 1 8 15 23 2 7 22 9 12 25 6 0 27 26 5
7 8 3 2 24 22 16 14 13 12 15 9 23 27 5 25 6 17 19 4 20 0 21 11 26 10 1 18
24 12 26 4 6 1 22 16 0 5 23 18 11 27 19 20 8 17 25 21 13 9 2 3 10 7 15 14
6 5 12 8 17 10 19 14 27 25 2 24 20 0 4 1 21 11 23 7 18 15 9 16 26 3 22 13
0 3 17 9 21 15 25 24 14 11 12 23 10 27 16 4 8 2 18 19 20 13 26 22 5 1 7 6
