89
18 66 6 55 23 19 84 43 78 57 61 85 22 46 54 35 82 41 8 4 81 13 10 32 28 36 2 63 17 9 39 88 51 30 20 68 65 45 70 27 49 83 58 53 1 25 33 67 31 73 76 48 7 59 87 11 71 56 52 15 60 40 47 50 64 44 77 62 21 29 80 26 14 86 79 38 34 3 72 42 0 12 75 69 24 5 16 74 37
67 43 40 32 44 30 57 18 37 1 86 79 81 72 60 82 20 59 73 42 26 78 70 39 85 68 88 34 13 22 64 58 33 15 53 11 69 80 28 87 36 75 83 56 14 9 23 77 71 49 35 55 47 76 74 16 27 3 62 52 31 54 66 10 7 41 8 65 29 2 46 17 5 84 63 4 12 6 38 48 51 21 25 45 24 61 0 19 50
79 10 67 88 63 29 9 51 47 7 65 1 37 17 28 85 66 21 32 39 56 0 12 76 2 14 19 64 43 36 80 41 55 77 16 87 20 26 49 72 57 78 83 59 30 81 4 69 38 31 60 40 44 75 27 3 6 34 42 61 33 24 82 50 25 53 11 5 15 22 35 58 8 84 54 13 70 18 46 23 73 74 62 68 52 71 45 86 48
77 28 34 56 40 16 46 37 27 12 76 42 2 47 26 48 57 14 65 32 4 25 20 45 73 82 22 31 21 7 29 74 23 19 15 87 53 61 9 70 10 49 60 30 72 8 66 75 13 58 67 50 44 18 84 55 79 33 43 6 11 0 36 39 85 35 38 54 63 1 62 59 5 86 81 51 83 52 64 71 41 68 17 80 88 69 78 24 3
84 53 69 41 43 54 51 70 78 17 42 52 12 58 29 39 13 10 14 49 22 65 5 36 23 57 63 26 44 25 1 48 11 80 18 59 7 79 85 50 35 71 8 21 86 30 27 16 46 88 4 38 77 32 72 33 24 31 19 83 37 47 56 45 2 67 15 87 73 34 55 75 81 60 62 20 9 82 74 68 6 64 0 66 40 61 76 3 28
5 4 86 44 84 87 78 57 16 80 25 64 56 75 27 47 81 82 18 68 17 32 39 55 36 61 1 52 34 22 59 10 53 40 60 9 54 70 72 38 41 13 48 51 50 26 37 33 31 83 85 19 71 11 20 74 76 66 42 21 88 23 14 2 3 7 73 49 0 28 43 77 67 12 46 58 35 29 24 69 8 30 63 79 65 15 62 6 45
73 74 87 51 26 77 85 16 75 17 29 14 40 52 23 30 69 80 6 28 4 72 67 53 50 61 70 49 58 84 24 82 76 68 54 2 57 63 32 42 47 35 41 34 44 60 18 56 0 81 64 46 20 88 66 45 65 37 1 43 19 5 55 78 62 71 7 11 10 36 21 86 25 38 48 39 31 83 13 8 9 22 27 59 15 79 3 12 33
51 46 0 31 37 47 39 10 24 6 28 27 57 66 56 15 78 87 9 80 25 50 8 76 43 16 60 21 85 35 52 54 11 79 82 41 83 69 5 12 62 58 38 68 33 74 3 63 23 20 53 55 14 17 64 75 81 26 71 36 42 61 49 84 45 67 44 18 86 48 73 88 7 22 40 4 30 1 13 2 29 65 77 34 72 32 59 70 19
68 38 74 81 32 83 8 67 77 48 78 25 84 53 82 72 37 18 13 88 22 21 4 63 31 50 27 16 56 20 57 65 6 80 30 15 28 23 19 14 43 61 70 45 35 79 2 42 39 71 62 60 44 87 40 11 24 0 86 33 29 5 73 52 69 7 1 36 76 55 75 12 41 10 51 85 17 26 64 54 46 34 58 9 59 47 3 66 49
79 35 21 49 3 66 77 8 20 30 86 5 76 17 67 4 80 29 50 88 6 71 46 57 36 27 73 85 56 16 69 43 48 37 28 74 70 33 19 53 14 68 45 62 52 2 65 63 13 47 26 23 64 58 15 83 72 61 51 22 40 32 11 10 59 60 18 34 25 84 7 12 81 39 44 75 78 24 54 42 0 55 87 1 82 31 9 38 41
46 21 12 24 83 32 54 84 78 47 88 63 82 48 65 23 11 49 0 56 68 13 40 27 66 45 53 51 80 36 34 44 31 61 14 60 8 43 77 76 58 39 28 41 33 22 35 50 73 17 87 4 62 38 30 67 69 79 6 29 3 55 5 71 20 2 1 72 15 85 42 64 9 75 57 86 37 26 70 25 74 19 81 7 10 16 18 59 52
23 81 48 24 37 45 28 5 36 42 17 77 56 58 31 6 33 29 1 53 12 68 14 8 21 10 60 69 59 39 9 66 63 54 79 30 35 73 82 26 61 3 34 75 83 52 85 20 51 72 76 41 2 43 65 27 67 86 88 4 40 16 11 13 57 46 84 0 19 25 38 80 22 7 32 64 49 78 71 47 50 55 15 74 62 87 44 18 70
50 8 85 15 67 73 52 88 4 78 29 33 56 12 49 59 9 43 83 42 70 77 31 61 5 48 30 20 45 36 32 6 37 72 40 28 82 76 2 66 3 35 24 27 79 14 41 75 74 46 81 84 39 58 69 16 53 62 55 57 47 0 21 23 51 87 19 80 65 71 10 38 68 60 44 26 25 22 7 63 64 13 18 17 11 34 1 86 54
79 56 57 8 35 10 23 76 31 17 1 45 44 15 66 16 71 84 25 39 63 88 18 62 78 22 29 83 6 77 54 70 73 28 24 40 49 61 87 55 51 64 65 20 30 0 37 21 4 81 2 13 27 47 52 38 32 68 7 33 46 72 85 26 19 60 42 9 41 67 43 82 80 58 75 12 74 53 34 11 48 59 5 36 50 3 14 69 86
72 3 5 4 32 73 86 75 57 9 25 12 44 42 68 40 54 15 11 24 78 56 46 26 67 64 69 52 35 30 22 82 63 43 59 79 33 50 27 20 16 62 28 48 85 76 58 83 29 74 38 13 80 1 6 81 65 88 18 14 2 77 87 0 51 34 70 10 19 61 37 66 47 39 31 45 55 8 17 41 53 36 49 21 7 71 60 23 84
85 63 54 7 49 17 30 31 11 9 22 67 86 40 48 13 41 62 26 71 3 25 15 20 53 0 52 45 43 23 47 73 70 38 84 79 64 34 55 75 69 66 10 33 8 36 21 82 80 4 5 83 59 56 57 78 46 1 27 74 65 39 29 81 14 72 16 2 19 37 58 51 18 28 44 76 60 50 68 12 35 61 42 88 77 32 87 6 24
36 69 10 56 28 51 74 83 66 24 35 85 6 65 53 12 34 48 20 87 19 1 0 77 62 38 70 22 40 49 88 71 64 78 9 81 8 23 63 86 37 26 68 60 16 55 79 14 75 15 47 73 27 54 3 41 39 46 13 44 7 58 31 11 57 33 42 18 43 80 5 32 84 21 82 17 4 50 67 30 52 76 45 72 59 61 29 25 2
0 6 25 7 23 26 40 17 14 76 36 19 18 74 9 75 77 83 49 46 37 34 88 66 45 63 85 12 65 47 44 42 30 73 28 10 56 87 16 21 84 38 71 81 15 59 24 27 69 50 20 31 82 48 62 68 33 79 78 55 22 41 3 64 43 70 53 4 52 86 1 8 57 39 2 58 51 67 72 80 29 13 11 54 61 60 32 35 5
69 56 9 3 43 65 39 37 50 78 75 32 76 40 30 21 62 10 74 15 86 58 67 41 82 18 16 66 20 36 72 31 49 57 83 24 27 55 25 19 34 47 87 4 33 11 53 80 60 81 59 64 35 45 12 26 14 70 79 51 88 52 2 48 38 46 68 73 71 42 22 23 44 84 1 6 63 8 5 17 7 13 77 0 85 29 28 54 61
8 57 9 31 50 68 72 74 7 10 36 30 39 53 62 88 56 55 4 1 78 45 65 69 23 49 61 32 3 71 38 86 70 48 82 73 41 29 5 20 85 18 67 16 33 28 80 63 12 42 21 84 15 25 77 81 0 75 14 11 87 46 24 35 58 47 66 13 64 27 79 43 76 17 2 60 37 34 52 40 6 59 44 22 83 26 51 19 54
62 86 84 80 56 60 45 88 26 76 51 16 57 8 23 67 42 77 15 36 17 4 66 72 37 2 28 64 70 27 3 71 19 39 44 11 30 32 75 10 87 6 9 83 47 12 59 81 33 1 29 74 46 24 48 25 54 58 53 14 79 61 69 34 20 50 21 31 63 13 18 35 55 73 5 38 65 49 85 7 43 22 40 78 68 82 41 52 0
80 29 2 16 79 43 21 76 34 0 74 42 53 22 60 10 69 3 59 87 25 14 5 36 64 55 17 48 1 20 40 77 66 11 67 26 18 39 50 44 7 84 33 88 75 72 52 62 71 37 46 4 45 31 85 73 51 35 82 27 78 49 81 68 30 32 19 56 83 70 23 15 28 61 86 8 13 41 54 12 6 65 63 58 47 57 38 9 24
62 34 65 20 59 23 46 5 77 74 31 33 71 57 75 22 72 79 86 27 6 12 28 26 21 38 16 42 68 11 88 48 17 8 2 9 87 56 14 49 81 18 61 78 43 47 30 19 82 29 24 52 54 4 15 40 69 58 51 64 73 41 32 25 7 66 44 70 39 63 10 0 3 36 1 45 85 37 60 83 67 35 13 53 80 50 76 84 55
74 75 45 4 30 60 32 37 86 54 28 66 65 44 5 76 16 78 35 67 87 31 79 33 53 26 61 42 3 11 68 57 69 62 52 14 48 84 41 59 81 46 18 47 72 80 6 85 77 70 9 15 38 29 40 0 25 73 12 17 49 7 82 22 27 8 1 56 13 20 64 19 58 23 2 63 39 83 24 88 21 55 10 50 43 34 51 36 71
45 65 60 72 31 22 20 53 68 88 49 86 15 43 83 9 48 6 47 27 14 81 5 82 66 13 80 78 34 56 1 71 87 32 69 51 24 44 29 57 75 26 11 79 46 17 42 76 84 52 70 3 37 50 85 41 23 36 18 16 54 2 64 19 30 63 38 21 35 10 4 7 33 55 67 59 77 39 8 25 73 74 28 58 40 12 0 62 61
31 15 13 88 4 78 72 60 66 79 10 37 26 81 1 51 2 42 39 61 28 76 48 22 11 46 54 67 68 64 8 30 35 80 33 6 53 24 36 9 73 52 23 49 71 5 25 19 47 77 16 34 62 21 84 74 7 75 38 12 56 27 63 3 82 86 85 14 50 29 44 0 70 41 32 40 59 83 43 17 18 20 65 69 87 55 45 58 57
39 66 79 43 37 61 44 13 56 12 81 72 5 18 27 75 78 71 7 36 22 31 26 2 88 11 34 41 47 65 40 85 52 21 57 70 15 19 10 50 42 35 49 24 53 48 0 60 6 38 67 3 17 86 59 32 9 63 77 62 20 30 51 76 80 16 33 55 83 28 68 8 29 58 25 74 84 23 69 82 87 54 4 64 1 45 14 73 46
66 4 28 56 44 26 79 38 33 43 10 54 7 32 42 37 68 73 76 16 80 15 25 81 83 60 22 27 13 31 85 49 87 3 29 39 72 45 30 77 6 69 75 36 21 50 78 48 24 51 40 41 84 53 19 1 11 67 55 35 20 8 61 63 58 59 57 65 71 62 64 9 47 18 70 82 74 46 17 34 0 86 14 52 12 88 23 5 2
66 31 39 35 5 0 79 24 57 28 34 76 40 56 52 44 53 88 2 85 10 69 61 17 86 73 54 41 87 30 83 37 63 46 74 81 42 38 49 6 1 13 15 7 3 8 60 32 20 72 21 48 75 82 11 68 26 67 19 80 12 36 65 22 4 27 62 33 18 16 9 78 14 64 58 43 29 55 25 71 70 50 51 23 77 47 45 84 59
78 53 22 35 64 30 67 86 23 59 68 72 24 34 81 43 3 61 46 7 60 75 40 14 13 57 33 69 42 56 45 41 58 87 10 5 27 20 63 73 9 12 70 4 1 83 84 11 71 80 47 16 37 82 77 2 76 49 32 48 38 31 17 0 44 25 50 62 21 26 8 19 74 28 15 79 66 54 52 39 36 51 55 88 65 85 6 18 29
4 27 60 51 21 55 28 79 54 39 9 14 73 23 71 31 50 16 22 75 62 44 86 33 58 49 76 11 2 84 13 34 66 3 87 38 74 24 53 10 48 78 15 45 70 65 12 67 88 6 68 25 61 42 85 41 63 40 5 77 19 59 30 57 47 32 36 81 0 69 7 18 20 56 17 35 82 64 83 46 80 52 1 26 29 43 72 8 37
60 19 63 82 18 58 40 59 15 0 52 32 24 11 21 43 80 22 65 34 49 55 25 27 48 3 50 84 8 87 12 37 46 67 42 57 62 61 53 64 45 30 44 47 54 5 4 74 78 66 83 10 69 16 81 7 85 77 14 36 56 68 86 70 13 28 6 31 17 38 75 71 35 73 72 26 79 23 2 88 39 51 29 41 1 33 76 9 20
12 40 74 76 23 45 30 78 21 84 16 61 80 18 17 56 62 75 67 68 70 46 13 65 77 26 3 60 57 83 87 52 55 8 1 14 63 6 51 39 43 32 15 20 22 81 54 28 19 41 9 35 25 4 44 37 5 69 36 38 24 59 29 79 72 10 85 71 48 11 0 64 53 47 2 42 49 73 34 50 27 7 86 33 88 31 82 66 58
84 56 6 67 44 60 75 2 54 0 76 11 26 23 55 45 21 87 9 24 41 37 13 68 64 1 17 43 53 83 73 7 15 32 28 47 33 46 42 51 22 10 30 61 25 39 38 77 34 52 78 12 66 49 74 16 72 62 31 48 82 65 14 58 81 19 29 5 79 27 80 36 63 4 88 86 57 35 70 40 85 20 18 69 59 8 50 3 71
49 17 12 67 0 48 37 8 52 57 88 20 11 80 77 75 64 85 10 3 2 36 78 59 56 22 55 83 54 46 79 86 23 4 47 14 60 44 51 34 29 68 26 33 25 40 84 63 7 19 35 1 42 28 87 76 6 9 74 66 65 82 15 18 72 21 39 53 43 24 41 58 5 45 13 73 71 27 70 69 30 81 32 38 62 16 50 61 31
34 0 55 28 88 67 19 8 81 70 21 11 2 32 10 83 3 12 41 47 58 57 63 31 23 52 13 75 56 46 16 42 60 76 26 6 35 54 74 18 24 84 78 38 44 49 20 7 40 82 37 79 17 5 36 66 14 33 62 64 65 29 45 43 1 80 85 77 50 9 69 30 4 48 68 73 22 71 72 51 87 86 61 53 39 59 15 27 25
67 78 61 15 33 72 81 49 1 54 10 76 28 19 14 77 53 66 51 43 57 59 8 27 7 32 0 74 25 35 69 48 30 86 11 18 12 38 20 44 62 45 65 16 87 82 22 9 13 60 71 88 79 31 64 83 46 41 58 40 17 39 36 73 52 80 37 26 47 68 24 34 55 2 21 50 42 85 3 4 84 5 63 70 56 23 75 29 6
50 35 57 63 81 45 14 0 33 28 64 72 79 47 20 36 46 11 42 75 43 87 25 37 13 24 49 85 69 83 15 60 27 65 62 41 88 32 66 23 26 38 76 61 34 51 56 31 78 67 80 9 22 8 19 54 17 1 84 82 53 39 4 86 10 59 68 52 48 3 74 40 2 70 73 5 7 16 30 12 58 29 6 21 55 77 18 44 71
48 77 69 49 37 72 63 44 79 45 62 85 10 70 56 66 12 65 1 30 9 86 61 54 36 22 26 47 51 73 18 84 53 82 76 32 38 4 59 78 33 41 13 15 43 23 21 87 2 52 27 83 60 81 24 80 42 34 50 71 31 16 64 8 46 0 7 25 39 35 3 74 57 55 6 75 29 5 28 11 67 40 19 14 58 68 88 20 17
44 37 18 38 70 21 56 32 22 78 86 79 33 66 19 36 11 25 57 0 54 7 83 67 10 48 68 16 14 88 81 75 84 15 43 9 42 13 12 35 26 20 24 4 40 59 77 50 53 73 3 64 29 34 55 41 82 23 52 46 39 27 1 80 61 2 17 74 85 72 31 8 5 76 87 45 49 63 71 47 58 30 6 60 51 65 28 69 62
22 7 20 58 78 57 8 74 40 38 61 46 81 37 65 33 4 10 31 49 12 75 68 62 9 51 73 17 71 76 44 25 82 19 21 11 48 70 24 77 28 5 85 6 26 13 1 43 15 42 87 3 83 2 47 88 54 67 86 27 80 14 64 30 34 72 35 52 29 69 32 56 63 23 66 79 55 59 18 60 39 45 16 36 41 84 0 53 50
66 12 29 7 81 52 40 86 14 18 70 57 53 82 10 20 32 15 38 87 67 1 56 60 64 28 72 8 54 45 88 34 3 55 2 48 79 50 11 43 76 25 73 26 85 47 39 65 22 49 23 71 13 0 4 69 74 6 61 9 35 68 21 27 37 75 80 46 51 31 77 17 78 33 42 19 41 58 83 36 30 16 62 84 44 5 63 59 24
47 65 82 77 23 31 4 62 37 43 24 17 87 88 0 5 83 44 22 34 72 80 60 32 11 71 55 67 68 57 14 29 84 58 9 41 74 51 86 19 40 26 85 6 8 78 81 53 42 35 2 46 12 48 56 66 52 3 63 70 18 76 16 49 59 20 36 39 50 64 45 25 1 61 10 13 79 69 73 33 21 75 54 28 38 7 27 30 15
36 3 28 48 7 70 31 5 10 17 76 12 57 38 9 87 32 67 23 84 0 37 52 68 54 20 13 49 33 34 88 51 39 26 24 47 80 85 29 78 15 22 75 53 11 27 66 56 42 55 41 46 40 44 14 16 2 74 83 86 1 60 21 73 64 6 18 25 61 30 45 8 69 79 4 71 63 82 77 65 62 35 72 58 50 19 43 81 59
9 54 80 78 53 81 48 71 65 47 6 76 51 85 40 2 14 84 58 69 72 66 73 88 23 34 38 16 32 46 50 57 35 87 79 36 82 55 61 26 8 15 13 45 3 22 31 5 29 10 75 74 17 1 28 64 4 44 52 68 43 25 41 42 83 49 21 12 0 63 19 7 18 77 62 33 20 24 70 56 86 11 37 67 60 27 59 30 39
75 86 7 66 31 44 5 87 82 69 22 70 88 77 52 37 64 41 72 55 10 53 68 18 30 63 6 85 67 42 61 36 59 23 21 71 39 80 84 46 1 32 14 33 49 38 50 35 45 58 29 43 8 13 20 11 81 40 25 48 24 78 74 4 26 51 0 27 76 56 60 47 73 54 3 17 16 62 28 19 79 15 34 12 57 65 2 83 9
27 79 66 35 59 82 52 51 10 39 87 86 47 48 55 84 60 13 26 28 20 15 16 73 29 49 40 88 71 17 24 83 8 14 50 75 61 22 56 6 44 19 18 43 38 45 37 32 1 33 12 62 30 7 85 3 2 72 54 5 23 70 41 58 77 42 0 69 57 64 53 21 63 81 9 80 25 78 31 68 65 76 11 4 46 34 67 36 74
48 78 43 28 39 34 85 23 60 13 11 8 4 84 37 30 73 53 80 72 38 15 14 29 31 75 70 35 27 64 47 7 46 54 58 33 63 56 6 32 1 77 40 0 42 88 62 59 69 41 36 65 18 79 9 68 66 81 20 22 44 86 51 26 50 24 19 10 83 74 71 52 25 49 57 55 82 16 2 5 45 3 17 61 87 76 12 67 21
51 14 62 21 19 8 43 6 34 84 63 78 9 38 41 40 11 10 76 1 58 31 37 45 85 57 47 48 12 54 81 67 86 59 15 22 64 42 68 75 26 88 32 77 52 27 13 29 33 0 65 30 4 72 2 66 46 56 70 55 23 71 5 16 24 28 36 61 49 53 20 73 60 80 83 82 18 3 50 74 35 69 87 25 79 17 44 39 7
84 33 51 6 88 32 17 70 31 39 72 8 62 34 27 49 81 45 59 65 24 7 44 15 29 1 46 78 9 12 80 21 22 10 3 18 54 53 48 13 69 35 36 85 42 86 26 71 83 52 0 77 60 11 30 63 37 25 64 87 38 47 16 61 74 55 50 40 43 75 73 82 20 2 57 79 58 5 76 23 19 68 66 28 56 41 67 14 4
67 19 1 87 34 3 22 86 17 78 82 10 25 35 65 24 38 16 13 43 8 31 41 50 15 28 47 6 29 73 75 71 85 2 18 42 61 48 52 11 21 70 56 39 0 62 69 53 88 7 4 84 12 40 74 77 66 81 57 20 80 59 58 51 45 44 33 32 79 60 68 72 55 5 76 49 9 54 30 83 26 46 23 37 63 36 14 64 27
69 62 20 78 17 38 67 68 27 75 87 84 14 0 33 82 18 74 44 45 40 59 88 30 41 66 13 5 31 10 7 32 63 77 9 83 28 79 52 80 36 60 34 23 49 1 35 72 21 4 29 8 55 19 53 42 81 37 76 6 24 3 70 85 15 64 43 54 58 50 73 46 47 12 71 65 86 61 39 2 11 16 57 56 22 51 25 48 26
29 39 54 73 59 25 2 9 81 79 55 47 83 6 44 30 32 41 35 16 56 21 18 3 88 51 62 28 37 57 22 48 82 71 42 85 26 58 11 27 14 7 65 75 33 76 45 15 46 49 78 17 38 87 68 8 43 86 70 52 31 1 53 67 13 50 61 24 74 60 19 63 10 69 64 36 12 4 20 77 84 40 66 5 80 0 23 34 72
71 63 72 65 75 9 11 67 18 49 66 77 38 73 39 88 79 70 43 10 40 83 50 20 46 81 4 61 42 25 45 54 68 21 26 36 22 7 35 15 12 57 52 16 55 32 58 78 69 34 24 76 87 8 3 62 29 0 84 37 27 33 30 28 85 56 51 41 17 31 60 47 14 23 59 53 2 64 1 5 74 44 19 86 80 13 6 82 48
51 84 59 50 58 15 40 32 17 21 87 42 27 83 65 63 12 53 33 19 16 3 0 43 55 14 86 71 80 76 11 44 22 46 25 48 18 4 75 29 7 1 9 5 73 62 2 82 45 70 67 36 34 57 74 20 6 31 68 8 81 54 52 85 41 69 72 56 64 47 10 39 60 35 38 78 30 77 66 26 13 37 79 24 28 23 49 61 88
49 21 58 24 30 56 40 72 43 88 4 42 34 61 64 10 13 68 25 20 86 82 79 3 62 26 74 54 37 14 18 69 77 38 80 46 29 39 32 71 66 48 73 81 50 65 57 23 44 55 51 11 45 33 7 84 76 12 59 27 17 8 60 70 41 83 9 1 6 19 87 31 67 16 0 63 52 53 28 35 75 2 15 22 36 78 47 85 5
62 45 20 52 79 2 27 34 47 58 74 67 7 30 53 72 66 33 51 0 56 13 68 77 17 42 5 25 81 60 3 11 32 59 19 43 1 38 80 75 49 6 36 24 82 31 55 46 71 70 18 44 26 76 88 8 37 15 35 69 54 22 16 9 64 78 85 23 73 29 4 12 21 10 86 83 61 28 40 63 41 87 65 14 84 39 57 50 48
13 26 50 25 9 27 28 14 81 63 16 46 56 1 44 8 23 36 83 65 87 22 33 54 37 84 73 53 59 58 67 15 52 88 80 62 45 82 40 43 55 34 17 20 0 35 18 76 72 85 66 61 79 64 12 19 71 78 7 6 74 49 31 51 42 68 32 60 5 70 39 2 10 30 11 75 4 38 24 21 48 29 47 57 86 77 41 3 69
28 53 11 31 16 7 43 66 55 57 84 52 88 61 32 0 68 79 6 59 65 69 62 17 22 56 71 37 63 81 85 40 74 23 46 75 67 45 41 86 51 29 5 35 8 14 13 87 78 77 38 48 3 70 72 33 64 42 30 12 25 15 82 18 24 58 9 73 1 50 54 20 76 36 34 80 39 44 83 47 4 26 49 21 2 10 19 60 27
77 31 49 87 55 22 84 13 80 44 23 28 37 46 71 73 39 86 56 18 33 66 48 45 88 30 20 64 79 65 78 72 70 15 57 12 3 10 1 51 83 38 52 0 16 61 42 74 60 4 50 7 35 11 81 2 36 24 19 67 21 17 59 6 58 53 75 82 27 47 9 63 5 76 85 34 25 69 54 40 43 62 32 68 14 26 29 41 8
6 69 73 11 14 43 54 85 83 38 20 1 13 36 59 12 18 33 67 7 5 46 72 2 9 0 63 23 34 22 26 52 60 19 51 40 84 61 35 57 71 68 76 25 82 30 39 49 10 32 58 15 17 31 24 66 50 53 62 48 8 88 28 74 78 3 77 87 21 70 79 16 65 55 41 37 47 56 81 75 80 42 64 4 44 86 45 29 27
88 42 57 52 62 37 56 66 73 16 69 41 71 5 85 48 63 19 25 81 4 40 70 28 30 65 31 32 21 12 82 11 76 53 54 14 33 61 44 39 67 38 35 78 26 20 47 3 0 1 64 84 51 46 77 87 58 36 9 83 13 34 86 59 18 6 23 45 8 72 75 49 29 17 55 24 74 50 68 15 43 80 27 10 7 22 2 60 79
19 25 1 71 24 22 43 21 64 79 41 42 46 18 45 27 38 3 80 28 82 33 70 0 83 6 16 14 47 69 32 68 88 56 75 53 4 51 84 8 5 30 26 50 72 39 44 15 29 12 86 77 52 48 59 62 17 37 2 85 78 54 58 60 36 31 81 35 66 10 34 7 11 63 65 13 49 87 67 40 61 23 76 57 74 9 73 20 55
20 45 46 41 39 38 29 28 82 42 52 83 7 0 22 50 10 18 87 25 81 11 78 17 2 67 23 4 85 21 61 62 43 5 12 15 79 49 47 84 24 16 35 44 19 51 68 60 53 26 77 48 88 1 70 63 57 6 3 54 75 55 80 13 33 32 73 59 37 66 9 64 72 36 71 31 30 27 8 74 40 58 56 65 34 69 86 14 76
62 13 79 18 66 41 12 19 82 7 57 11 63 10 33 29 77 80 73 45 16 38 28 46 43 81 68 0 56 65 22 78 49 50 35 55 40 58 25 42 15 67 85 32 88 44 74 71 84 51 17 76 48 54 23 69 75 4 27 52 26 2 70 72 8 1 53 83 47 87 30 9 61 39 34 64 5 24 6 59 60 20 86 3 31 14 21 37 36
34 18 48 53 51 23 62 80 27 37 87 0 73 6 49 7 22 42 25 72 35 43 36 30 65 15 69 46 70 58 2 59 63 78 1 10 52 79 33 11 88 56 39 24 61 14 28 76 77 5 71 38 74 20 66 67 47 3 57 29 82 21 45 85 86 13 8 64 4 19 9 55 32 60 84 31 12 75 41 68 26 44 83 81 50 16 54 40 17
65 19 69 47 39 83 20 66 36 31 72 86 11 44 49 56 33 68 29 30 28 76 50 10 15 13 18 26 34 54 17 38 14 55 73 59 42 37 63 60 7 45 3 61 0 2 88 82 74 81 57 32 41 12 77 4 25 9 71 35 79 27 51 70 84 43 24 23 48 52 75 85 16 78 58 21 6 53 1 67 40 5 80 22 8 64 62 87 46
53 19 62 75 64 70 28 58 79 81 33 44 54 74 68 52 9 14 18 43 39 86 82 40 50 59 77 47 45 46 13 38 17 60 16 22 15 0 56 51 73 31 83 80 29 48 85 36 8 6 30 57 61 76 12 84 25 27 55 24 37 63 78 5 35 71 2 69 34 26 4 49 32 88 66 7 67 23 21 72 20 1 87 42 65 41 3 11 10
34 33 49 44 45 39 0 20 57 24 5 71 60 3 7 82 22 87 30 29 1 51 69 15 2 41 11 80 77 79 8 42 32 18 43 6 36 86 65 50 9 27 85 73 88 47 35 52 62 19 28 53 67 46 83 61 40 76 54 64 25 78 14 84 70 75 26 23 56 68 16 48 13 17 38 58 72 4 10 12 37 55 63 21 31 81 74 66 59
87 25 21 74 56 32 65 5 15 52 8 69 30 49 9 39 12 57 63 64 34 10 29 20 44 54 40 55 86 26 76 1 36 41 14 72 42 67 33 4 50 38 58 77 17 19 73 62 48 28 70 53 84 60 45 46 43 80 59 47 37 13 78 71 27 68 0 22 85 61 88 7 79 6 83 18 35 11 3 51 23 2 16 24 81 82 66 31 75
50 73 5 40 43 57 61 76 84 60 38 33 31 4 86 17 35 53 79 74 10 25 1 32 62 46 13 30 8 9 16 82 2 0 23 19 18 14 77 49 48 42 58 75 68 3 52 88 67 26 80 15 81 71 24 45 29 69 55 70 56 28 36 6 54 72 66 21 51 64 27 85 12 63 41 59 37 34 20 11 87 78 39 44 7 47 22 65 83
83 45 57 62 18 20 63 21 36 0 34 27 19 13 80 64 87 43 50 10 42 53 7 39 60 84 56 72 76 55 1 73 30 59 37 29 23 70 78 79 46 61 26 52 17 77 48 5 51 28 15 31 22 4 24 44 6 81 25 66 69 35 16 82 41 38 88 12 32 3 65 2 8 58 11 47 86 71 9 67 74 40 33 14 54 85 75 49 68
71 70 16 7 18 55 47 14 48 31 42 80 77 59 73 43 68 3 74 85 57 46 9 58 61 40 32 5 76 0 81 49 22 17 15 21 19 2 64 60 54 10 86 29 6 35 84 11 36 4 24 63 12 1 27 79 26 34 83 72 30 13 33 75 56 8 52 50 66 25 62 39 78 67 23 45 20 53 65 38 82 88 69 44 37 28 41 51 87
57 65 62 27 75 4 82 0 59 72 8 35 6 84 30 45 12 23 38 87 51 5 56 32 17 55 43 46 77 78 20 44 2 34 61 64 19 36 16 71 85 53 49 11 68 79 21 37 63 80 50 83 14 86 88 33 74 9 52 48 15 60 42 22 67 81 13 3 41 58 1 39 73 10 26 70 25 69 7 28 24 40 54 29 18 31 76 47 66
83 84 82 68 2 49 55 77 86 43 5 18 8 74 10 25 12 6 60 13 66 52 79 78 27 29 0 57 36 50 44 54 46 32 38 47 48 61 16 64 40 4 76 14 34 81 87 35 22 72 3 58 69 9 70 80 75 37 17 56 15 59 21 71 62 31 53 45 51 73 65 85 11 19 33 23 7 88 67 20 63 28 30 1 41 26 24 39 42
0 39 56 40 76 48 74 51 1 33 88 19 64 59 80 87 18 34 69 29 79 28 22 81 17 54 11 73 75 85 20 30 14 12 2 49 15 42 26 37 66 4 5 63 8 36 7 67 6 77 83 25 78 21 10 45 61 50 9 32 58 68 27 16 53 84 23 62 70 24 52 44 71 82 35 86 55 46 41 13 65 57 31 72 47 43 3 38 60
66 76 17 75 12 45 49 57 33 65 58 23 26 6 46 73 0 18 44 5 72 32 37 47 38 82 21 54 8 79 36 40 53 60 2 39 19 85 3 25 28 31 42 68 70 43 13 74 61 27 83 50 51 1 77 24 52 64 9 15 87 69 88 71 34 30 86 48 16 81 78 55 4 22 63 10 67 7 14 56 11 84 59 80 41 62 35 29 20
57 40 34 53 56 10 41 8 26 24 1 75 85 6 7 37 5 33 38 51 79 21 4 52 69 59 62 83 55 48 66 29 74 11 47 68 63 19 27 60 84 0 31 36 16 77 30 49 46 50 20 35 13 25 80 87 15 43 73 58 82 76 32 17 42 45 61 78 12 67 88 86 54 70 44 28 64 23 72 71 18 3 9 14 39 2 65 81 22
59 27 55 2 6 73 58 74 25 22 56 12 9 88 31 50 78 67 3 71 32 76 35 45 8 66 41 1 28 36 61 39 54 44 15 43 83 21 10 63 65 19 29 5 18 47 62 80 24 84 16 40 64 72 82 38 42 68 86 33 14 69 51 37 0 30 57 75 60 81 23 20 53 4 11 77 46 17 7 52 87 34 85 49 48 79 70 26 13
45 7 36 80 73 63 66 60 68 50 67 17 43 3 2 10 9 24 5 46 18 55 34 41 77 21 72 70 28 42 44 81 30 59 82 62 37 0 15 23 16 12 27 78 61 39 14 87 32 71 85 74 1 25 57 38 58 48 83 47 20 11 86 52 69 22 84 13 19 64 56 65 31 51 53 33 26 79 29 75 8 76 54 40 88 4 35 6 49
45 66 47 14 79 85 38 70 11 52 27 82 9 10 29 28 55 49 15 83 12 74 4 18 56 67 8 88 17 81 24 43 21 46 50 87 25 0 72 61 68 53 2 75 3 51 30 84 34 23 19 63 22 26 58 59 36 57 35 69 31 7 60 80 48 39 32 77 20 71 37 65 42 5 40 64 54 33 1 6 44 78 41 73 62 86 16 13 76
42 4 88 65 80 33 44 87 39 19 85 27 15 5 55 7 76 9 70 61 51 64 75 48 60 34 49 31 18 71 83 30 62 21 40 69 8 86 28 50 11 53 38 35 26 1 82 74 57 20 66 58 2 43 36 81 37 10 78 6 14 47 25 73 45 52 56 67 3 24 23 17 77 0 79 12 59 41 29 72 63 13 16 46 68 54 32 84 22
8 58 88 12 87 54 56 57 38 33 76 79 32 51 15 14 7 21 11 70 41 69 40 20 50 13 26 47 81 6 43 78 5 66 73 84 83 65 28 53 60 34 62 27 49 4 2 36 55 1 61 67 30 25 23 72 18 22 19 45 46 42 39 77 52 74 64 44 59 31 9 80 82 68 24 0 75 63 86 17 10 71 16 48 37 3 35 29 85
74 14 13 15 50 32 52 7 71 20 63 2 3 84 24 9 8 82 81 47 39 31 58 49 5 35 65 37 51 10 54 44 48 30 88 72 79 36 64 12 4 62 80 57 21 87 33 60 85 19 55 43 17 59 27 61 66 76 40 77 16 11 34 29 22 23 56 18 0 78 28 6 69 68 25 53 83 26 70 42 46 75 67 86 73 1 38 41 45
71 59 42 44 21 83 27 31 32 82 38 54 64 88 15 85 41 67 20 62 61 28 77 3 63 36 56 19 84 68 46 60 53 65 39 37 1 70 40 7 58 79 87 6 51 23 47 9 5 8 74 24 33 50 34 0 57 66 35 73 86 55 25 76 80 49 10 11 18 45 2 26 14 16 29 13 30 52 4 17 78 72 43 75 69 81 22 12 48
62 26 70 6 68 51 77 10 7 55 45 1 80 59 74 11 44 57 49 21 72 36 13 76 17 88 20 16 56 63 38 82 43 39 50 78 60 67 79 28 52 71 75 37 32 54 25 3 14 34 29 23 4 31 18 85 65 47 86 33 0 30 66 42 64 83 12 35 81 15 58 69 61 22 40 73 48 19 41 84 5 2 87 27 53 46 24 8 9
85 80 48 30 18 55 64 79 37 58 25 19 13 72 49 20 77 27 82 40 28 41 32 31 23 57 15 8 46 87 52 2 88 11 70 67 63 59 78 74 84 38 36 86 65 16 45 75 17 60 71 10 81 3 43 50 4 1 53 42 56 62 14 44 68 83 69 0 73 33 7 61 24 39 22 12 5 6 35 9 21 26 54 34 29 51 76 47 66
25 46 38 45 76 66 33 2 34 40 56 64 24 41 88 21 0 16 86 17 74 11 52 30 8 59 69 1 75 26 80 27 14 65 6 12 85 23 20 57 37 13 73 43 87 44 84 42 35 49 39 28 78 58 55 67 29 68 77 19 47 5 15 10 62 53 81 22 3 4 82 72 9 79 70 31 83 18 54 60 50 71 48 61 63 7 36 51 32
77 45 78 67 19 53 87 44 20 2 37 86 59 52 56 9 23 46 35 71 81 36 29 32 5 38 43 10 30 48 82 58 70 42 11 13 33 16 85 1 31 68 25 63 22 69 41 12 47 83 6 62 75 4 27 3 28 65 51 8 79 76 64 0 66 40 7 57 72 14 49 34 24 26 61 18 80 88 50 55 39 21 54 74 17 73 84 60 15
16 45 24 74 60 81 5 82 58 12 67 47 23 29 54 35 48 50 25 40 87 37 10 46 72 20 13 79 69 7 0 42 53 76 8 65 11 51 78 61 22 55 36 73 68 75 19 56 31 32 57 26 21 84 83 39 44 18 86 2 64 70 41 28 52 34 33 30 6 80 17 88 4 15 27 38 66 85 71 43 63 77 49 62 59 3 14 9 1
8 47 32 57 84 16 56 12 28 66 5 38 15 35 50 20 58 46 1 61 82 72 71 19 43 26 11 81 36 17 65 78 45 27 13 80 37 67 73 77 55 83 39 40 74 88 87 42 54 41 70 86 44 0 85 21 4 14 59 23 48 30 22 52 34 9 60 7 25 75 6 68 53 2 79 33 63 76 29 31 51 10 3 24 62 69 64 49 18
69 25 7 75 52 79 88 6 36 71 47 76 38 22 40 15 34 9 23 8 81 20 85 33 53 12 16 11 17 82 13 54 63 3 83 32 84 49 61 35 60 28 50 44 19 4 65 80 1 39 29 77 72 10 66 51 0 42 31 45 74 86 46 70 67 43 48 57 41 21 78 68 26 59 37 2 55 18 58 5 30 73 56 62 87 14 24 27 64
2 44 54 34 53 36 77 59 45 29 38 61 56 49 80 87 15 88 81 22 57 64 24 28 3 8 10 20 7 69 40 32 21 37 42 75 78 73 63 12 82 46 79 16 86 5 85 72 84 68 66 13 76 65 52 74 19 83 35 17 18 11 4 14 30 23 26 43 39 1 62 67 0 50 25 48 51 41 47 70 58 31 55 27 71 6 33 9 60
25 33 45 13 73 6 52 4 49 36 28 82 34 86 26 21 76 81 65 16 41 23 0 83 70 24 10 71 51 55 22 37 88 9 67 40 38 80 3 5 30 32 78 46 58 60 50 29 85 48 14 17 75 43 27 56 12 87 84 7 68 57 39 1 74 63 79 62 64 2 77 44 69 47 59 61 20 53 15 18 54 35 66 8 19 31 42 11 72
45 19 34 20 84 65 21 14 88 12 62 79 55 81 23 29 70 35 57 33 68 11 24 38 63 30 44 9 46 27 25 2 74 52 82 71 60 76 75 66 39 42 47 61 83 1 51 26 40 78 48 32 67 18 87 15 7 43 37 64 31 80 56 3 69 22 0 4 49 10 36 28 50 53 41 59 77 5 8 54 58 86 6 72 13 85 73 17 16
68 78 32 31 76 65 16 34 0 80 47 28 75 60 71 63 26 13 58 27 49 45 44 25 77 3 2 35 19 48 66 40 61 4 7 51 43 83 55 64 57 74 20 79 52 56 72 62 88 70 67 18 82 54 41 17 42 36 84 86 14 37 33 5 30 81 11 9 24 46 8 59 50 15 53 29 69 6 1 73 85 39 12 38 22 23 10 21 87
63 56 54 85 80 42 32 86 18 20 11 36 62 40 34 44 8 22 58 14 30 0 41 25 15 37 71 26 46 65 81 83 61 73 68 39 33 12 64 57 10 7 87 2 6 27 76 82 69 55 53 59 52 29 51 47 16 24 35 66 31 9 45 67 50 43 60 23 48 77 13 38 4 78 84 79 5 28 17 1 74 75 19 88 3 21 72 49 70
14 47 5 25 77 50 27 43 32 28 22 86 69 57 20 3 2 82 11 53 12 0 1 54 65 18 34 29 7 49 56 78 73 46 6 31 15 75 37 36 61 51 4 42 68 71 17 19 67 88 26 52 70 45 41 23 83 21 44 80 64 59 38 76 72 39 55 33 60 30 62 40 16 74 87 84 10 79 85 13 48 9 24 81 8 63 58 35 66
88 7 58 27 12 32 15 5 10 84 43 59 80 16 71 48 2 36 73 34 30 74 49 72 82 20 69 47 37 21 28 56 13 53 54 23 8 83 41 33 87 81 51 11 66 46 52 67 62 61 29 4 25 42 26 35 9 31 1 86 6 64 63 45 70 60 18 14 3 17 55 77 40 39 78 44 50 24 75 76 57 79 85 22 38 0 65 19 68
64 48 84 50 16 32 23 63 69 35 1 25 34 46 86 78 51 66 19 87 27 42 18 38 20 7 71 83 31 74 39 75 0 2 70 88 45 15 29 9 21 53 47 56 73 62 10 49 41 14 65 36 68 4 6 26 3 22 8 13 58 67 37 81 11 79 60 55 72 5 80 54 17 76 43 85 12 59 82 30 28 24 77 61 33 52 57 40 44
54 81 68 80 10 72 31 79 75 73 56 33 41 49 77 7 67 59 43 87 8 26 70 40 45 20 51 1 42 6 11 69 15 28 2 82 30 19 57 18 71 38 24 84 85 14 44 63 55 50 86 58 32 22 4 3 12 17 39 65 0 16 60 23 61 76 53 48 47 36 25 27 29 37 35 88 83 66 21 13 34 9 62 52 64 5 46 78 74
65 86 87 49 85 38 88 51 30 78 55 22 36 41 27 81 60 17 16 71 3 73 32 45 25 46 13 14 10 67 40 56 62 37 57 69 68 53 12 77 26 70 9 59 47 74 66 24 52 31 8 34 72 33 4 2 63 29 61 0 19 20 58 35 84 64 80 54 23 15 82 44 11 75 79 6 39 5 76 48 83 7 18 28 43 42 50 21 1
61 45 17 10 48 0 18 52 22 88 82 36 69 84 51 41 47 3 57 8 68 33 14 44 77 78 63 30 87 24 85 62 27 60 66 28 55 23 1 73 80 53 11 2 83 7 21 37 72 15 32 56 50 74 38 31 76 26 4 34 42 64 20 81 19 29 86 13 35 79 6 65 39 54 70 49 12 5 67 59 58 71 46 75 40 43 25 9 16
71 48 77 10 61 68 14 37 33 38 56 57 16 24 29 20 54 25 46 12 82 63 87 49 7 76 40 44 58 0 47 4 73 81 86 50 13 9 42 8 62 34 28 41 45 84 67 15 88 75 22 18 83 35 85 31 59 1 5 74 3 6 65 51 19 36 79 2 11 17 23 53 70 26 60 39 78 80 66 30 43 52 69 55 64 72 27 32 21
70 84 20 4 11 82 64 14 3 19 36 24 15 56 79 43 16 18 25 31 78 53 22 81 88 68 75 55 69 7 65 80 62 74 0 38 12 8 32 67 52 83 66 6 42 10 50 5 29 34 40 57 48 37 49 27 63 61 85 35 73 46 33 47 54 21 23 58 9 76 41 2 26 51 30 71 72 17 45 60 39 13 86 44 59 28 1 77 87
81 38 51 70 62 32 3 87 6 28 41 53 15 83 57 13 48 7 22 1 20 33 29 82 8 79 0 65 55 40 46 42 44 88 39 23 59 43 56 17 10 66 47 72 64 21 45 12 58 61 37 26 25 85 14 80 76 77 63 73 69 78 2 68 52 34 50 16 75 74 35 71 19 86 67 54 24 36 49 4 27 5 31 18 84 11 30 60 9
2 58 72 32 75 61 43 78 15 46 42 1 3 38 49 87 36 7 29 74 53 14 67 65 52 28 85 18 21 33 41 66 55 25 17 5 57 4 59 26 48 39 20 76 37 47 79 27 80 34 23 16 77 86 82 69 56 62 10 45 71 30 9 84 70 44 81 11 6 0 24 40 73 19 51 31 64 50 12 83 13 35 63 22 54 8 68 60 88
34 72 78 33 40 28 56 88 55 5 49 39 6 12 4 47 83 14 37 32 70 64 11 85 68 0 66 16 71 50 79 30 23 73 62 51 21 29 82 26 41 3 38 54 8 22 48 13 1 36 19 80 61 24 87 46 17 9 45 84 43 15 2 81 10 57 77 58 60 67 65 53 7 63 35 27 69 86 44 59 20 31 76 25 75 42 18 52 74
31 64 82 6 17 23 4 86 85 2 72 50 71 3 60 81 40 37 47 80 27 21 67 29 55 34 20 16 5 11 44 66 61 25 78 28 22 8 83 58 87 13 62 79 51 75 59 38 88 42 76 24 68 32 65 48 33 12 15 45 77 39 1 84 14 53 52 18 73 63 69 74 54 7 70 30 9 19 56 49 36 43 35 41 57 26 0 10 46
47 60 13 70 82 64 14 63 9 72 88 19 67 25 0 15 10 6 21 50 62 84 39 76 1 20 33 34 12 61 78 27 87 41 31 51 80 59 35 43 44 81 58 2 79 8 85 42 22 5 66 36 30 24 37 40 83 71 77 53 68 56 45 86 26 11 17 7 54 52 29 74 3 32 73 4 75 55 46 28 65 38 18 48 49 57 23 16 69
35 16 29 70 33 85 0 20 40 39 13 69 12 68 43 5 48 14 4 49 77 76 80 15 26 10 37 36 24 23 71 44 51 65 31 22 88 2 66 28 27 86 19 34 56 11 79 6 32 18 58 78 55 64 67 54 57 53 46 30 1 72 41 9 75 73 25 8 87 50 45 42 84 47 81 82 63 52 83 21 17 59 7 61 60 3 74 62 38
51 84 2 65 68 43 24 6 37 74 41 20 14 34 40 52 26 79 66 42 44 76 72 71 35 78 59 46 88 32 15 53 86 8 22 61 13 45 63 69 4 1 9 25 56 0 58 83 12 57 30 47 67 5 75 28 85 54 62 64 21 73 60 7 29 10 18 36 82 80 31 48 81 11 33 3 27 77 55 16 17 38 87 23 50 49 39 19 70
33 63 76 71 65 87 27 64 36 4 44 88 84 31 47 74 26 55 81 43 42 11 86 35 53 10 16 17 49 58 82 57 41 14 52 22 15 69 83 6 18 30 77 13 2 78 0 21 66 70 59 24 8 54 25 67 23 68 20 38 72 39 61 9 12 1 46 50 48 62 51 29 28 40 80 73 3 45 34 75 60 19 79 32 85 37 56 5 7
55 69 54 49 78 62 61 35 75 72 87 43 5 15 77 64 41 44 73 76 46 86 39 27 70 6 84 8 52 30 12 10 58 36 66 47 63 0 24 9 14 4 3 37 85 83 23 59 17 18 67 22 19 11 13 45 33 57 1 31 7 48 68 26 74 34 28 82 80 29 88 32 71 25 56 79 60 38 2 21 81 40 65 50 16 51 20 42 53
39 58 26 62 60 6 76 66 85 69 57 83 77 32 73 72 61 34 2 68 16 42 41 37 33 47 82 74 3 20 51 29 30 67 81 4 48 38 40 87 22 12 24 88 10 55 70 9 31 80 78 84 52 23 45 63 7 25 46 17 43 11 64 13 49 50 28 21 19 1 14 8 59 27 54 65 56 44 18 71 36 79 86 75 35 15 5 0 53
55 72 49 31 83 60 58 45 44 3 19 12 76 48 11 84 30 18 64 57 85 39 21 62 68 69 5 4 36 53 54 73 80 20 10 15 88 41 28 70 2 26 52 33 17 37 71 66 77 67 14 87 24 27 1 16 25 29 35 78 56 61 0 51 23 86 6 9 59 7 22 79 43 34 42 8 63 40 38 13 65 32 75 81 74 50 46 47 82
9 48 52 69 11 83 37 57 67 32 24 60 72 10 46 54 76 75 63 19 7 15 53 28 51 68 49 31 78 14 70 26 34 44 74 59 84 5 1 45 21 0 35 6 2 33 30 22 42 66 3 80 4 62 61 43 29 47 27 64 86 56 40 55 8 65 50 13 23 58 36 38 88 41 77 71 25 20 82 18 85 87 73 81 17 12 79 16 39
86 14 56 39 8 81 66 27 1 67 63 22 82 55 43 34 5 74 31 70 20 83 44 80 78 4 35 11 25 40 64 19 30 57 60 28 26 41 46 52 53 49 3 54 77 0 71 73 12 29 65 15 48 61 17 75 21 9 58 33 10 18 37 7 72 32 51 50 79 16 23 42 2 47 62 6 87 68 59 24 13 38 45 69 84 85 76 88 36
4 62 84 42 68 57 31 61 14 9 73 19 5 18 13 1 22 12 8 11 65 10 85 3 47 16 87 88 39 15 34 27 79 45 0 74 48 41 67 63 7 83 30 66 56 17 49 38 54 2 24 20 82 81 33 25 43 71 28 59 77 21 32 69 46 55 40 36 52 23 53 6 26 72 51 58 29 60 35 44 76 50 70 78 86 64 75 80 37
23 69 4 6 63 41 26 75 9 37 38 87 80 72 42 19 8 76 11 78 30 59 20 84 3 61 29 13 66 54 34 32 21 83 27 51 62 49 50 17 7 77 67 56 33 39 70 64 44 48 85 60 82 68 25 12 35 22 1 88 43 5 31 47 57 18 40 14 10 45 52 58 24 15 36 46 86 53 73 0 16 79 81 28 74 71 65 2 55
73 35 23 12 62 8 46 49 41 21 31 76 65 81 18 64 86 67 69 52 36 28 57 55 30 48 50 61 6 38 19 42 80 53 72 37 63 79 10 3 78 22 20 82 74 9 15 77 14 88 47 56 75 58 0 44 33 29 71 59 39 16 34 26 27 1 13 54 87 45 51 66 32 7 84 60 85 5 83 2 43 4 40 11 70 24 17 68 25
64 78 0 28 68 47 19 46 1 36 83 23 50 80 27 70 32 44 22 84 13 67 16 66 71 85 62 26 2 12 81 63 65 74 76 82 20 52 55 41 4 48 43 77 7 72 73 69 3 53 87 31 58 39 57 35 8 14 49 59 37 45 34 29 24 25 17 18 33 75 38 15 10 60 61 5 56 30 86 79 51 40 11 6 9 88 42 21 54
75 61 53 29 28 66 73 43 45 25 82 17 83 7 40 22 79 50 58 77 13 46 55 60 19 76 27 26 65 21 56 47 52 14 70 80 78 42 62 32 81 68 87 8 37 69 41 59 23 18 39 48 57 35 72 0 15 44 51 88 74 24 5 10 6 64 9 1 12 3 38 49 86 67 63 4 54 85 33 36 30 20 16 71 31 84 11 2 34
26 87 5 35 57 43 13 80 85 61 79 84 17 47 39 88 86 60 19 55 29 70 49 28 53 74 14 24 81 71 48 1 21 12 31 64 11 45 77 83 42 54 50 30 16 59 76 23 75 38 63 40 62 68 4 46 41 10 56 52 18 78 82 33 37 66 73 20 72 69 27 22 34 67 36 9 8 3 6 65 2 44 25 58 0 51 15 32 7
13 44 11 27 66 45 6 25 76 65 48 49 9 63 42 0 26 41 79 51 50 85 28 68 57 74 52 75 53 7 69 34 61 60 20 64 30 24 4 86 71 83 43 1 37 70 32 39 35 33 47 18 31 54 88 40 80 36 56 46 77 2 14 12 81 22 17 62 55 82 23 21 84 78 16 5 3 38 67 87 73 59 29 72 8 58 15 19 10
61 60 11 74 63 19 47 83 26 56 75 15 5 87 9 50 1 51 53 57 6 38 28 54 69 10 40 35 25 85 58 23 21 43 77 20 67 76 88 46 86 36 44 24 42 72 41 55 80 79 0 8 22 14 34 29 59 65 78 39 82 52 30 32 7 3 84 49 4 27 73 45 16 71 81 64 33 66 62 37 68 2 17 12 48 18 70 31 13
78 81 32 75 50 6 85 60 38 40 87 51 3 69 33 34 45 77 53 52 24 31 64 80 84 63 66 20 2 74 22 15 1 82 86 54 41 49 72 35 67 65 30 29 39 12 42 16 59 14 61 76 13 73 23 8 46 48 26 47 56 9 55 37 0 36 10 17 44 79 68 70 62 71 88 27 11 18 21 19 5 4 83 7 58 25 43 28 57
21 73 27 82 80 75 88 47 53 83 81 84 33 54 35 28 31 9 16 5 37 55 74 38 61 40 51 56 45 43 34 78 62 24 58 14 68 85 77 22 2 15 10 13 17 67 39 20 79 48 8 69 3 72 1 7 4 30 32 26 65 86 76 60 41 36 11 57 59 87 50 18 70 0 23 19 63 29 64 66 42 46 49 12 25 71 52 6 44
8 2 78 10 32 3 82 86 47 0 24 77 40 46 74 13 66 67 69 42 45 18 81 6 11 36 7 17 12 59 79 84 35 87 43 75 53 27 54 20 41 28 33 22 88 80 29 15 44 52 62 39 5 55 58 25 30 51 1 37 38 19 48 34 61 64 14 73 26 50 63 85 68 4 21 56 9 60 23 70 31 76 16 83 49 57 71 72 65
64 1 22 79 42 46 50 88 49 5 66 70 57 81 53 23 47 83 78 80 84 20 77 37 56 13 48 21 14 9 11 51 87 75 43 74 71 44 36 0 65 54 15 28 41 60 76 39 82 86 8 52 26 19 45 34 3 63 33 55 27 25 24 72 58 6 85 68 40 16 35 69 30 67 10 29 62 31 2 61 59 7 32 12 73 18 17 38 4
57 44 59 55 35 47 74 33 60 58 17 73 34 23 8 72 83 31 28 42 53 51 12 2 62 1 10 87 30 68 14 27 3 81 22 77 79 80 5 86 63 37 49 78 85 25 11 88 43 54 61 65 46 69 71 21 76 4 48 29 50 16 15 18 84 36 66 32 38 64 39 56 40 6 9 75 67 82 52 13 19 70 7 41 20 24 26 45 0
10 88 64 39 6 51 7 52 18 32 78 68 43 16 81 56 44 84 69 66 40 8 76 48 36 1 29 61 74 50 79 13 49 45 77 42 62 20 23 5 83 34 73 65 14 19 25 15 35 33 24 67 3 9 57 46 41 60 72 27 59 17 80 22 86 30 54 85 28 55 82 0 26 58 2 4 11 63 31 21 53 38 12 70 37 75 47 71 87
65 40 84 59 6 49 53 56 37 62 44 46 67 28 70 80 47 85 18 43 69 19 21 16 45 13 36 1 20 30 25 54 27 55 58 76 52 78 11 57 2 74 39 34 9 60 24 86 87 35 50 14 42 48 41 66 71 10 3 63 73 83 81 88 26 15 32 82 31 38 23 61 77 29 22 8 79 68 4 7 72 0 33 12 17 51 75 64 5
84 81 5 76 87 39 27 70 6 83 0 2 82 4 61 24 26 29 20 8 72 22 15 31 34 12 65 51 66 25 30 67 68 41 18 62 59 74 10 44 57 49 47 9 32 11 23 63 73 36 37 42 33 45 17 48 28 40 16 64 13 35 38 58 78 77 1 7 53 3 55 14 80 52 19 60 21 46 69 85 56 54 79 43 88 75 50 86 71
64 75 40 16 8 88 44 83 84 29 14 35 37 4 47 24 15 42 12 39 49 20 6 55 26 78 30 52 73 11 82 0 5 23 31 54 1 22 27 77 76 51 2 34 18 85 60 68 74 62 66 63 19 48 59 7 58 61 10 69 46 57 38 72 17 86 3 33 56 53 79 13 67 41 81 71 21 43 45 65 80 87 50 25 28 70 36 9 32
67 69 86 31 12 15 76 50 16 2 40 45 78 74 11 42 23 56 64 49 47 25 88 60 4 22 9 81 70 52 5 55 87 84 75 46 8 19 14 18 65 34 71 61 73 36 41 10 80 72 0 33 27 32 53 3 43 17 77 28 13 83 68 26 7 24 20 37 1 29 30 35 79 82 51 39 58 85 54 59 6 62 21 63 44 57 38 48 66
57 39 85 72 58 0 59 40 74 8 81 42 18 36 51 19 26 78 12 56 48 64 38 17 79 60 22 43 31 76 3 30 27 73 9 20 41 68 82 24 87 37 75 33 29 15 61 84 1 66 14 34 54 5 50 71 13 52 21 44 70 49 53 65 28 83 69 67 77 10 16 88 80 45 25 63 47 23 6 2 55 86 62 32 4 46 11 7 35
0 62 21 82 27 32 79 10 75 43 61 67 73 38 5 29 16 55 39 72 14 11 34 50 60 78 42 1 30 37 41 20 7 45 2 22 51 77 35 4 33 40 69 65 63 88 68 80 85 64 56 9 54 3 8 66 12 76 57 74 47 18 86 83 44 6 52 87 71 28 25 24 48 59 70 31 17 53 49 36 46 19 84 15 26 58 23 81 13
58 16 81 72 76 22 3 0 34 64 10 14 31 63 32 30 62 55 42 13 65 28 66 74 43 75 27 79 56 46 51 38 71 5 86 39 54 50 88 33 11 1 29 26 45 2 20 83 85 59 68 7 49 84 67 8 41 44 73 18 19 70 47 25 77 69 15 78 82 61 60 6 17 36 80 21 35 87 24 48 23 52 4 40 9 57 12 53 37
53 57 16 35 38 81 45 79 83 14 80 76 61 72 7 77 32 41 1 67 47 37 66 75 71 36 84 54 51 12 43 11 5 15 50 55 13 73 4 78 48 64 44 40 18 3 0 88 29 65 70 68 25 60 27 31 2 34 21 6 59 49 28 56 86 10 42 26 69 22 8 23 30 52 85 9 46 58 33 39 87 20 74 82 62 19 17 24 63
3 52 39 50 48 71 82 7 18 66 88 70 22 8 1 63 40 20 49 76 59 23 56 43 9 30 5 73 44 45 51 75 31 25 46 83 34 72 10 53 57 15 87 84 67 54 65 0 47 68 16 78 12 27 42 19 24 55 69 2 37 6 64 33 36 11 14 21 86 60 79 38 32 41 35 58 26 77 29 4 28 74 85 17 61 81 80 62 13
17 73 64 8 2 21 42 24 46 30 3 48 51 60 14 87 29 36 83 49 66 41 72 57 31 86 4 62 28 77 69 7 67 75 53 47 50 33 81 18 84 37 22 20 56 70 12 45 88 55 32 71 76 26 61 0 16 15 35 27 40 54 39 58 74 23 44 82 11 13 6 79 5 63 52 34 43 10 19 78 59 25 85 1 9 80 68 38 65
65 8 38 23 54 82 24 53 75 51 35 10 56 83 40 0 69 80 50 60 6 45 41 67 66 2 43 52 49 85 42 4 46 20 1 62 48 39 32 81 64 19 25 31 70 34 33 68 47 61 86 74 88 44 13 18 14 55 71 28 5 59 58 27 16 77 17 87 9 37 29 22 21 72 30 36 11 3 76 73 15 57 79 63 84 12 7 78 26
45 53 79 3 14 73 17 50 43 21 66 29 2 47 62 83 52 46 42 87 26 20 77 34 44 68 88 80 37 58 86 64 25 33 85 6 4 9 38 75 12 65 61 41 84 72 5 10 18 19 7 56 60 28 39 55 13 54 78 1 82 40 30 27 16 76 32 11 71 8 74 51 70 15 63 69 22 49 67 81 0 36 24 35 48 59 31 57 23
82 9 34 65 67 87 48 38 41 17 85 20 36 13 5 76 24 43 64 56 26 37 57 80 35 1 60 33 22 71 73 77 84 62 6 74 0 40 4 69 72 12 66 18 27 52 55 39 7 11 32 30 14 23 88 58 54 68 42 70 86 50 53 10 61 47 21 75 51 29 15 28 45 8 59 31 3 44 81 19 79 16 78 2 46 83 25 49 63
72 0 54 86 35 80 44 39 15 24 21 8 16 61 87 55 49 62 79 82 66 3 28 25 51 30 60 11 42 68 46 48 63 13 20 78 73 84 58 18 81 22 2 43 7 31 40 69 70 53 19 27 85 9 37 12 14 36 29 71 64 67 52 77 75 56 57 33 6 32 34 4 50 38 74 10 88 83 59 17 1 76 45 5 26 47 41 23 65
21 9 30 38 56 39 53 19 3 46 55 83 73 84 77 85 82 42 47 54 17 32 79 25 76 0 10 49 72 5 4 58 44 11 13 27 7 61 67 36 64 31 63 71 65 37 12 88 78 23 74 62 52 16 18 75 66 35 2 86 43 45 33 15 80 60 69 1 20 68 70 6 51 28 87 29 22 40 34 59 48 50 14 41 57 81 8 26 24
70 86 66 36 11 67 51 47 13 4 10 21 25 44 12 68 76 58 35 18 26 87 29 80 55 37 9 88 50 40 61 34 63 84 83 52 43 39 79 59 71 20 38 56 17 65 6 15 19 77 72 31 7 33 82 75 16 22 73 54 48 64 2 28 74 62 57 41 85 81 3 78 46 24 5 69 45 14 32 49 27 60 53 8 42 0 23 30 1
34 18 19 17 38 23 57 21 3 59 78 61 20 79 33 70 62 72 87 71 25 37 31 50 55 54 68 8 36 60 66 27 6 81 2 0 30 56 41 40 74 77 10 28 83 67 22 35 15 1 24 32 64 80 42 63 14 11 5 4 73 16 88 69 12 46 52 39 13 49 84 26 29 86 51 58 48 82 65 47 75 9 85 44 7 76 53 45 43
54 26 39 47 28 0 55 6 65 40 7 20 42 64 80 10 84 85 37 35 14 34 4 50 52 82 11 59 53 57 48 29 60 23 19 9 81 63 67 86 58 74 16 32 17 69 46 87 43 73 8 44 68 36 76 1 78 61 15 2 66 21 30 88 31 27 38 79 22 72 24 12 71 51 62 33 25 49 5 77 41 13 75 18 56 45 70 83 3
71 34 75 15 26 7 30 17 60 65 59 4 3 69 84 5 63 33 45 46 70 37 28 81 64 21 40 58 82 55 53 80 48 39 6 29 49 1 12 73 19 20 85 13 83 9 44 2 78 16 47 88 50 41 23 54 87 35 74 22 68 14 72 36 43 31 42 56 57 10 79 38 27 67 77 32 76 8 11 86 66 25 52 61 18 62 0 24 51
42 72 21 68 81 58 14 59 37 36 6 75 86 66 31 76 2 26 1 56 39 4 43 24 12 13 19 38 87 45 44 15 73 46 48 16 34 64 77 84 22 71 18 53 33 52 32 41 79 82 50 28 70 69 10 55 23 63 5 49 11 80 0 83 9 29 7 40 30 67 61 47 35 8 17 88 65 57 3 60 78 74 54 51 27 25 20 62 85
29 64 73 48 42 58 76 80 17 70 78 6 52 44 72 28 62 37 65 55 61 40 20 30 86 75 22 82 16 50 9 85 88 69 8 67 34 5 11 13 3 10 51 23 46 60 45 15 39 79 84 2 54 32 74 57 38 87 33 68 7 4 66 19 71 18 12 53 63 59 43 56 25 41 83 27 31 35 1 21 36 81 14 0 77 26 49 47 24
23 73 40 21 74 33 70 62 16 22 56 72 36 13 18 60 30 5 86 25 28 64 44 51 41 39 17 38 11 65 66 35 15 68 37 10 53 63 55 79 61 14 49 4 0 20 84 27 57 88 2 45 87 32 31 83 19 1 3 67 12 24 42 48 77 71 59 78 58 9 82 54 43 50 80 6 29 85 8 47 7 46 75 76 52 26 81 69 34
21 9 50 59 37 66 11 0 76 53 78 31 17 30 18 3 15 5 20 72 70 64 16 10 84 24 74 41 69 1 68 8 14 57 63 77 48 12 75 83 60 46 85 2 67 73 71 82 52 23 29 33 54 45 39 51 79 43 62 25 55 88 7 40 86 4 6 56 22 58 47 44 80 28 81 27 35 87 38 36 19 49 13 34 65 26 42 61 32
70 36 16 43 32 75 48 44 55 5 57 35 37 38 66 25 72 76 19 56 80 86 63 52 74 47 17 62 13 8 41 64 46 6 77 69 83 88 28 10 67 20 12 18 73 24 0 68 33 53 21 45 51 7 14 9 49 54 34 39 40 11 60 82 22 23 71 84 59 58 87 1 65 2 31 3 29 81 27 78 50 61 42 30 79 85 15 26 4
20 55 33 54 40 41 80 29 65 6 43 47 0 84 87 10 14 60 11 76 71 34 21 7 5 73 12 1 88 30 9 35 82 37 57 61 42 23 53 3 52 38 66 48 63 67 81 59 26 36 15 16 44 22 27 64 74 45 28 25 70 32 31 18 78 50 75 72 46 39 86 17 85 8 51 68 62 24 19 2 79 13 56 77 4 69 83 58 49
31 40 82 11 60 75 3 35 55 80 76 14 56 50 58 43 27 63 87 45 16 15 13 22 84 33 42 18 62 72 88 39 65 17 70 19 53 71 47 46 59 78 29 73 83 54 0 9 36 24 8 26 79 10 52 67 81 51 7 66 37 68 28 44 4 32 38 30 57 69 74 85 86 34 64 23 20 1 61 25 6 21 12 41 2 48 77 49 5
12 50 60 29 82 17 13 33 71 18 41 38 8 24 75 62 70 1 84 85 79 7 76 69 61 14 0 56 3 66 34 45 81 86 22 87 37 36 74 26 58 40 77 23 32 15 55 44 48 9 63 25 10 53 16 49 59 4 57 83 43 11 65 30 21 52 20 67 47 27 54 42 5 68 2 64 80 78 39 72 31 46 28 51 6 73 19 88 35
56 85 78 40 27 2 12 4 1 39 14 34 80 69 57 77 31 87 51 55 22 82 32 36 13 7 35 83 61 73 26 28 33 25 8 50 20 44 3 46 5 68 66 6 24 48 21 54 63 11 81 16 88 65 71 75 62 37 43 9 76 59 47 41 10 49 23 79 84 19 67 17 53 72 60 86 74 15 29 70 45 52 64 30 38 42 58 18 0
25 28 6 22 37 4 31 64 83 3 0 45 68 87 8 66 11 88 48 40 2 32 14 59 77 13 51 47 24 75 85 74 82 57 72 44 7 86 23 55 61 73 36 56 21 62 76 43 42 35 20 65 81 69 79 30 9 58 12 1 29 84 38 10 53 18 78 67 63 5 39 52 27 17 50 33 16 54 26 60 46 80 15 71 70 34 49 41 19
33 39 45 75 29 1 80 76 36 19 23 56 6 44 26 65 25 81 78 10 35 24 14 46 31 41 60 69 87 74 49 18 2 30 54 59 62 15 79 48 88 20 34 55 9 70 40 85 32 83 82 86 16 61 42 7 5 71 8 12 22 64 66 27 51 68 63 73 28 13 43 11 3 0 57 67 17 52 38 37 72 21 77 50 4 84 47 53 58
4 6 59 88 46 56 70 12 55 2 31 72 82 73 47 66 74 18 64 11 51 42 68 15 28 14 50 54 13 67 69 3 63 53 62 8 32 58 5 60 25 75 21 10 84 9 27 33 22 86 45 76 35 48 1 19 49 7 78 77 65 34 17 26 41 29 0 81 23 37 44 61 80 85 20 38 40 71 24 30 79 57 39 83 87 36 52 16 43
5 0 55 14 47 38 64 20 78 79 49 72 25 82 39 40 13 70 17 48 35 69 74 2 11 65 87 61 73 58 84 41 45 32 28 67 83 71 44 51 36 81 33 53 57 37 15 3 43 29 22 26 23 85 60 75 63 77 52 62 19 66 6 86 34 80 42 24 7 9 68 8 27 31 88 76 12 46 16 4 59 30 21 54 50 18 56 10 1
48 71 22 21 20 77 55 69 29 3 25 73 64 1 44 37 86 15 87 16 70 53 35 50 52 43 12 72 59 14 11 85 57 80 7 65 9 17 28 49 75 32 30 61 23 88 81 34 13 2 76 10 60 31 26 56 68 66 83 62 84 39 38 36 58 78 33 41 46 63 0 19 79 8 47 24 18 67 27 45 51 54 40 82 74 6 42 4 5
84 43 71 67 17 24 81 19 10 2 39 74 26 18 65 37 82 33 25 45 34 32 40 13 36 88 9 54 21 16 8 15 0 42 69 48 53 23 58 50 70 64 61 51 62 35 56 12 49 73 86 31 57 76 66 77 78 63 6 38 5 3 20 22 41 47 59 27 80 14 79 1 68 83 11 30 44 60 75 7 55 87 52 72 85 4 46 28 29
66 44 8 31 6 67 13 5 15 39 71 70 43 87 83 73 50 59 52 63 69 30 62 61 0 12 84 54 10 2 17 22 45 56 38 28 57 21 82 11 36 16 35 25 86 51 40 29 81 7 33 3 47 32 68 53 42 9 78 18 27 34 79 49 72 1 75 4 65 55 26 64 19 41 85 74 48 23 77 20 88 80 24 14 76 37 58 46 60
40 1 30 86 71 11 61 42 54 9 24 21 62 31 55 44 75 51 22 34 59 29 26 65 14 5 33 87 48 45 63 72 80 20 16 36 82 83 23 7 13 0 18 79 35 60 41 49 85 78 68 47 88 38 4 10 76 56 67 77 15 8 74 53 58 25 17 69 28 57 66 2 6 27 19 70 39 46 3 84 50 43 52 64 81 37 32 73 12
10 12 19 64 71 24 9 76 18 6 23 55 3 20 65 45 14 8 48 51 61 35 53 70 85 22 39 75 43 28 16 2 4 7 84 40 83 15 50 56 81 74 29 80 62 33 32 52 49 11 68 30 60 63 82 44 86 37 78 57 69 13 0 36 54 31 34 59 38 27 79 77 87 17 26 25 66 47 41 21 1 42 88 67 5 58 46 73 72
48 3 85 45 36 38 5 46 60 75 40 27 61 0 71 88 77 29 9 80 47 84 44 21 72 28 24 50 59 15 6 66 10 25 16 31 4 86 19 79 8 76 11 13 14 22 1 35 20 55 87 78 53 57 73 17 43 23 56 63 54 52 12 18 32 74 70 2 7 26 69 64 42 30 58 41 67 33 82 34 49 65 62 81 68 83 39 51 37
59 16 84 83 12 18 6 75 73 1 45 48 31 47 32 62 15 11 21 27 22 9 81 30 79 63 42 8 5 28 7 51 68 56 0 85 19 2 76 82 24 25 78 36 17 10 41 77 37 43 80 20 71 66 34 38 54 46 52 70 49 39 58 13 33 64 53 35 86 26 55 40 44 65 87 67 23 88 4 61 72 57 14 74 3 29 69 60 50
27 18 84 83 57 40 47 13 73 8 78 88 28 24 44 69 55 35 45 33 68 29 66 19 49 64 72 80 43 7 77 54 25 52 9 56 12 70 17 79 46 31 39 50 85 41 51 16 42 65 11 61 48 21 34 75 22 4 30 1 76 26 59 86 67 2 53 23 20 81 60 6 38 10 82 32 58 74 5 15 87 37 63 36 71 62 14 3 0
49 31 30 51 67 44 60 76 54 58 20 45 83 52 86 41 81 87 88 62 1 28 5 12 72 22 2 48 47 40 39 27 4 79 78 64 33 70 7 19 63 25 68 0 82 43 66 74 50 61 73 46 15 55 77 26 18 29 34 23 16 85 6 13 17 3 9 56 37 53 11 69 8 42 14 84 80 57 21 59 24 75 71 35 32 10 65 38 36
68 54 3 51 33 7 29 34 25 39 79 73 0 9 76 62 26 80 55 2 86 59 8 18 41 61 48 45 21 5 81 42 65 58 37 83 50 66 4 78 14 16 32 40 30 88 27 23 22 84 31 77 82 11 71 38 47 6 56 13 20 52 85 15 12 63 69 64 75 44 43 1 53 87 19 74 36 57 17 67 24 70 60 28 46 35 10 72 49
17 70 15 2 9 74 78 36 29 24 35 28 81 40 50 75 45 0 42 34 38 21 22 13 7 39 83 18 48 43 32 31 88 86 61 56 8 80 67 71 73 25 10 46 57 64 63 53 26 59 84 20 68 77 23 87 58 16 47 52 51 76 37 11 72 41 79 69 54 30 5 55 14 49 6 66 1 19 85 82 33 65 3 44 12 62 4 27 60
9 42 81 78 77 62 37 51 46 30 7 12 57 75 60 79 47 3 1 2 13 50 21 68 59 0 18 38 14 15 76 31 84 32 67 34 69 80 71 41 74 24 83 10 63 6 87 85 20 5 65 43 19 35 70 55 11 86 39 72 58 16 64 17 33 26 27 54 49 73 23 4 66 82 56 48 88 45 40 52 8 44 22 61 29 25 53 36 28
75 37 50 4 63 22 5 82 10 46 49 21 3 73 32 40 62 67 47 59 11 13 25 1 45 53 68 30 7 72 80 66 19 48 64 12 8 2 36 70 24 42 44 85 0 52 41 20 43 55 33 35 29 65 9 57 23 38 34 51 71 17 77 83 69 87 60 18 15 6 81 27 78 84 88 54 76 39 26 61 86 31 56 74 58 16 79 14 28
71 10 69 11 2 35 68 55 29 46 53 34 58 45 52 49 85 15 32 87 77 23 61 19 70 4 20 84 18 67 62 43 36 48 74 5 14 42 41 25 63 33 65 76 37 12 3 54 40 59 56 66 81 24 7 80 51 78 50 75 16 6 72 88 73 82 8 13 17 1 60 39 26 86 64 28 31 57 21 38 79 47 30 0 9 44 22 27 83
